f Z11 Z12 Z21 Z22
+1.000000e+06 (+1.253488e+01,-3.163626e+01) (-4.890959e+00,-2.934532e+01) (-4.890959e+00,-2.934532e+01) (+1.253488e+01,-3.163626e+01)
+1.047129e+06 (+1.251280e+01,-3.031854e+01) (-4.869922e+00,-2.792886e+01) (-4.869922e+00,-2.792886e+01) (+1.251280e+01,-3.031854e+01)
+1.096478e+06 (+1.248878e+01,-2.906428e+01) (-4.847045e+00,-2.657249e+01) (-4.847045e+00,-2.657249e+01) (+1.248878e+01,-2.906428e+01)
+1.148154e+06 (+1.246268e+01,-2.787069e+01) (-4.822186e+00,-2.527343e+01) (-4.822186e+00,-2.527343e+01) (+1.246268e+01,-2.787069e+01)
+1.202264e+06 (+1.243432e+01,-2.673511e+01) (-4.795195e+00,-2.402906e+01) (-4.795195e+00,-2.402906e+01) (+1.243432e+01,-2.673511e+01)
+1.258925e+06 (+1.240355e+01,-2.565500e+01) (-4.765915e+00,-2.283688e+01) (-4.765915e+00,-2.283688e+01) (+1.240355e+01,-2.565500e+01)
+1.318257e+06 (+1.237019e+01,-2.462790e+01) (-4.734185e+00,-2.169451e+01) (-4.734185e+00,-2.169451e+01) (+1.237019e+01,-2.462790e+01)
+1.380384e+06 (+1.233406e+01,-2.365144e+01) (-4.699833e+00,-2.059970e+01) (-4.699833e+00,-2.059970e+01) (+1.233406e+01,-2.365144e+01)
+1.445440e+06 (+1.229496e+01,-2.272337e+01) (-4.662688e+00,-1.955034e+01) (-4.662688e+00,-1.955034e+01) (+1.229496e+01,-2.272337e+01)
+1.513561e+06 (+1.225271e+01,-2.184148e+01) (-4.622570e+00,-1.854440e+01) (-4.622570e+00,-1.854440e+01) (+1.225271e+01,-2.184148e+01)
+1.584893e+06 (+1.220712e+01,-2.100366e+01) (-4.579300e+00,-1.758000e+01) (-4.579300e+00,-1.758000e+01) (+1.220712e+01,-2.100366e+01)
+1.659587e+06 (+1.215797e+01,-2.020787e+01) (-4.532697e+00,-1.665535e+01) (-4.532697e+00,-1.665535e+01) (+1.215797e+01,-2.020787e+01)
+1.737801e+06 (+1.210509e+01,-1.945212e+01) (-4.482583e+00,-1.576877e+01) (-4.482583e+00,-1.576877e+01) (+1.210509e+01,-1.945212e+01)
+1.819701e+06 (+1.204826e+01,-1.873448e+01) (-4.428782e+00,-1.491871e+01) (-4.428782e+00,-1.491871e+01) (+1.204826e+01,-1.873448e+01)
+1.905461e+06 (+1.198730e+01,-1.805309e+01) (-4.371128e+00,-1.410369e+01) (-4.371128e+00,-1.410369e+01) (+1.198730e+01,-1.805309e+01)
+1.995262e+06 (+1.192204e+01,-1.740610e+01) (-4.309462e+00,-1.332235e+01) (-4.309462e+00,-1.332235e+01) (+1.192204e+01,-1.740610e+01)
+2.089296e+06 (+1.185230e+01,-1.679175e+01) (-4.243642e+00,-1.257344e+01) (-4.243642e+00,-1.257344e+01) (+1.185230e+01,-1.679175e+01)
+2.187762e+06 (+1.177794e+01,-1.620828e+01) (-4.173543e+00,-1.185578e+01) (-4.173543e+00,-1.185578e+01) (+1.177794e+01,-1.620828e+01)
+2.290868e+06 (+1.169881e+01,-1.565399e+01) (-4.099060e+00,-1.116830e+01) (-4.099060e+00,-1.116830e+01) (+1.169881e+01,-1.565399e+01)
+2.398833e+06 (+1.161482e+01,-1.512722e+01) (-4.020119e+00,-1.051002e+01) (-4.020119e+00,-1.051002e+01) (+1.161482e+01,-1.512722e+01)
+2.511886e+06 (+1.152589e+01,-1.462633e+01) (-3.936673e+00,-9.880032e+00) (-3.936673e+00,-9.880032e+00) (+1.152589e+01,-1.462633e+01)
+2.630268e+06 (+1.143197e+01,-1.414971e+01) (-3.848714e+00,-9.277505e+00) (-3.848714e+00,-9.277505e+00) (+1.143197e+01,-1.414971e+01)
+2.754229e+06 (+1.133307e+01,-1.369581e+01) (-3.756271e+00,-8.701689e+00) (-3.756271e+00,-8.701689e+00) (+1.133307e+01,-1.369581e+01)
+2.884032e+06 (+1.122922e+01,-1.326309e+01) (-3.659420e+00,-8.151892e+00) (-3.659420e+00,-8.151892e+00) (+1.122922e+01,-1.326309e+01)
+3.019952e+06 (+1.112051e+01,-1.285007e+01) (-3.558284e+00,-7.627482e+00) (-3.558284e+00,-7.627482e+00) (+1.112051e+01,-1.285007e+01)
+3.162278e+06 (+1.100707e+01,-1.245529e+01) (-3.453034e+00,-7.127872e+00) (-3.453034e+00,-7.127872e+00) (+1.100707e+01,-1.245529e+01)
+3.311311e+06 (+1.088909e+01,-1.207737e+01) (-3.343897e+00,-6.652518e+00) (-3.343897e+00,-6.652518e+00) (+1.088909e+01,-1.207737e+01)
+3.467369e+06 (+1.076681e+01,-1.171495e+01) (-3.231150e+00,-6.200901e+00) (-3.231150e+00,-6.200901e+00) (+1.076681e+01,-1.171495e+01)
+3.630781e+06 (+1.064052e+01,-1.136675e+01) (-3.115125e+00,-5.772526e+00) (-3.115125e+00,-5.772526e+00) (+1.064052e+01,-1.136675e+01)
+3.801894e+06 (+1.051056e+01,-1.103155e+01) (-2.996203e+00,-5.366905e+00) (-2.996203e+00,-5.366905e+00) (+1.051056e+01,-1.103155e+01)
+3.981072e+06 (+1.037732e+01,-1.070818e+01) (-2.874813e+00,-4.983550e+00) (-2.874813e+00,-4.983550e+00) (+1.037732e+01,-1.070818e+01)
+4.168694e+06 (+1.024124e+01,-1.039559e+01) (-2.751427e+00,-4.621964e+00) (-2.751427e+00,-4.621964e+00) (+1.024124e+01,-1.039559e+01)
+4.365158e+06 (+1.010279e+01,-1.009276e+01) (-2.626552e+00,-4.281634e+00) (-2.626552e+00,-4.281634e+00) (+1.010279e+01,-1.009276e+01)
+4.570882e+06 (+9.962475e+00,-9.798795e+00) (-2.500725e+00,-3.962020e+00) (-2.500725e+00,-3.962020e+00) (+9.962475e+00,-9.798795e+00)
+4.786301e+06 (+9.820830e+00,-9.512864e+00) (-2.374505e+00,-3.662551e+00) (-2.374505e+00,-3.662551e+00) (+9.820830e+00,-9.512864e+00)
+5.011872e+06 (+9.678399e+00,-9.234236e+00) (-2.248459e+00,-3.382620e+00) (-2.248459e+00,-3.382620e+00) (+9.678399e+00,-9.234236e+00)
+5.248075e+06 (+9.535735e+00,-8.962269e+00) (-2.123157e+00,-3.121584e+00) (-2.123157e+00,-3.121584e+00) (+9.535735e+00,-8.962269e+00)
+5.495409e+06 (+9.393389e+00,-8.696410e+00) (-1.999161e+00,-2.878757e+00) (-1.999161e+00,-2.878757e+00) (+9.393389e+00,-8.696410e+00)
+5.754399e+06 (+9.251902e+00,-8.436191e+00) (-1.877013e+00,-2.653419e+00) (-1.877013e+00,-2.653419e+00) (+9.251902e+00,-8.436191e+00)
+6.025596e+06 (+9.111794e+00,-8.181228e+00) (-1.757230e+00,-2.444810e+00) (-1.757230e+00,-2.444810e+00) (+9.111794e+00,-8.181228e+00)
+6.309573e+06 (+8.973562e+00,-7.931211e+00) (-1.640290e+00,-2.252141e+00) (-1.640290e+00,-2.252141e+00) (+8.973562e+00,-7.931211e+00)
+6.606934e+06 (+8.837668e+00,-7.685903e+00) (-1.526631e+00,-2.074596e+00) (-1.526631e+00,-2.074596e+00) (+8.837668e+00,-7.685903e+00)
+6.918310e+06 (+8.704534e+00,-7.445129e+00) (-1.416639e+00,-1.911339e+00) (-1.416639e+00,-1.911339e+00) (+8.704534e+00,-7.445129e+00)
+7.244360e+06 (+8.574543e+00,-7.208771e+00) (-1.310650e+00,-1.761521e+00) (-1.310650e+00,-1.761521e+00) (+8.574543e+00,-7.208771e+00)
+7.585776e+06 (+8.448030e+00,-6.976756e+00) (-1.208941e+00,-1.624289e+00) (-1.208941e+00,-1.624289e+00) (+8.448030e+00,-6.976756e+00)
+7.943282e+06 (+8.325286e+00,-6.749053e+00) (-1.111732e+00,-1.498792e+00) (-1.111732e+00,-1.498792e+00) (+8.325286e+00,-6.749053e+00)
+8.317638e+06 (+8.206552e+00,-6.525661e+00) (-1.019188e+00,-1.384189e+00) (-1.019188e+00,-1.384189e+00) (+8.206552e+00,-6.525661e+00)
+8.709636e+06 (+8.092025e+00,-6.306604e+00) (-9.314159e-01,-1.279660e+00) (-9.314159e-01,-1.279660e+00) (+8.092025e+00,-6.306604e+00)
+9.120108e+06 (+7.981856e+00,-6.091926e+00) (-8.484695e-01,-1.184405e+00) (-8.484695e-01,-1.184405e+00) (+7.981856e+00,-6.091926e+00)
+9.549926e+06 (+7.876157e+00,-5.881679e+00) (-7.703537e-01,-1.097657e+00) (-7.703537e-01,-1.097657e+00) (+7.876157e+00,-5.881679e+00)
+1.000000e+07 (+7.774996e+00,-5.675925e+00) (-6.970282e-01,-1.018682e+00) (-6.970282e-01,-1.018682e+00) (+7.774996e+00,-5.675925e+00)
+1.047129e+07 (+7.678409e+00,-5.474728e+00) (-6.284127e-01,-9.467881e-01) (-6.284127e-01,-9.467881e-01) (+7.678409e+00,-5.474728e+00)
+1.096478e+07 (+7.586397e+00,-5.278150e+00) (-5.643917e-01,-8.813214e-01) (-5.643917e-01,-8.813214e-01) (+7.586397e+00,-5.278150e+00)
+1.148154e+07 (+7.498934e+00,-5.086250e+00) (-5.048208e-01,-8.216734e-01) (-5.048208e-01,-8.216734e-01) (+7.498934e+00,-5.086250e+00)
+1.202264e+07 (+7.415965e+00,-4.899080e+00) (-4.495316e-01,-7.672801e-01) (-4.495316e-01,-7.672801e-01) (+7.415965e+00,-4.899080e+00)
+1.258925e+07 (+7.337417e+00,-4.716684e+00) (-3.983369e-01,-7.176220e-01) (-3.983369e-01,-7.176220e-01) (+7.337417e+00,-4.716684e+00)
+1.318257e+07 (+7.263195e+00,-4.539097e+00) (-3.510360e-01,-6.722238e-01) (-3.510360e-01,-6.722238e-01) (+7.263195e+00,-4.539097e+00)
+1.380384e+07 (+7.193189e+00,-4.366344e+00) (-3.074192e-01,-6.306527e-01) (-3.074192e-01,-6.306527e-01) (+7.193189e+00,-4.366344e+00)
+1.445440e+07 (+7.127276e+00,-4.198440e+00) (-2.672715e-01,-5.925172e-01) (-2.672715e-01,-5.925172e-01) (+7.127276e+00,-4.198440e+00)
+1.513561e+07 (+7.065321e+00,-4.035387e+00) (-2.303768e-01,-5.574645e-01) (-2.303768e-01,-5.574645e-01) (+7.065321e+00,-4.035387e+00)
+1.584893e+07 (+7.007182e+00,-3.877180e+00) (-1.965203e-01,-5.251779e-01) (-1.965203e-01,-5.251779e-01) (+7.007182e+00,-3.877180e+00)
+1.659587e+07 (+6.952709e+00,-3.723800e+00) (-1.654916e-01,-4.953746e-01) (-1.654916e-01,-4.953746e-01) (+6.952709e+00,-3.723800e+00)
+1.737801e+07 (+6.901750e+00,-3.575219e+00) (-1.370865e-01,-4.678028e-01) (-1.370865e-01,-4.678028e-01) (+6.901750e+00,-3.575219e+00)
+1.819701e+07 (+6.854146e+00,-3.431401e+00) (-1.111087e-01,-4.422387e-01) (-1.111087e-01,-4.422387e-01) (+6.854146e+00,-3.431401e+00)
+1.905461e+07 (+6.809739e+00,-3.292298e+00) (-8.737083e-02,-4.184838e-01) (-8.737083e-02,-4.184838e-01) (+6.809739e+00,-3.292298e+00)
+1.995262e+07 (+6.768371e+00,-3.157855e+00) (-6.569542e-02,-3.963628e-01) (-6.569542e-02,-3.963628e-01) (+6.768371e+00,-3.157855e+00)
+2.089296e+07 (+6.729883e+00,-3.028008e+00) (-4.591536e-02,-3.757204e-01) (-4.591536e-02,-3.757204e-01) (+6.729883e+00,-3.028008e+00)
+2.187762e+07 (+6.694120e+00,-2.902685e+00) (-2.787406e-02,-3.564197e-01) (-2.787406e-02,-3.564197e-01) (+6.694120e+00,-2.902685e+00)
+2.290868e+07 (+6.660928e+00,-2.781810e+00) (-1.142556e-02,-3.383396e-01) (-1.142556e-02,-3.383396e-01) (+6.660928e+00,-2.781810e+00)
+2.398833e+07 (+6.630158e+00,-2.665297e+00) (+3.565724e-03,-3.213730e-01) (+3.565724e-03,-3.213730e-01) (+6.630158e+00,-2.665297e+00)
+2.511886e+07 (+6.601663e+00,-2.553057e+00) (+1.722525e-02,-3.054252e-01) (+1.722525e-02,-3.054252e-01) (+6.601663e+00,-2.553057e+00)
+2.630268e+07 (+6.575304e+00,-2.444995e+00) (+2.966878e-02,-2.904123e-01) (+2.966878e-02,-2.904123e-01) (+6.575304e+00,-2.444995e+00)
+2.754229e+07 (+6.550942e+00,-2.341013e+00) (+4.100283e-02,-2.762598e-01) (+4.100283e-02,-2.762598e-01) (+6.550942e+00,-2.341013e+00)
+2.884032e+07 (+6.528449e+00,-2.241010e+00) (+5.132523e-02,-2.629011e-01) (+5.132523e-02,-2.629011e-01) (+6.528449e+00,-2.241010e+00)
+3.019952e+07 (+6.507699e+00,-2.144879e+00) (+6.072563e-02,-2.502772e-01) (+6.072563e-02,-2.502772e-01) (+6.507699e+00,-2.144879e+00)
+3.162278e+07 (+6.488572e+00,-2.052514e+00) (+6.928605e-02,-2.383350e-01) (+6.928605e-02,-2.383350e-01) (+6.488572e+00,-2.052514e+00)
+3.311311e+07 (+6.470956e+00,-1.963806e+00) (+7.708146e-02,-2.270267e-01) (+7.708146e-02,-2.270267e-01) (+6.470956e+00,-1.963806e+00)
+3.467369e+07 (+6.454743e+00,-1.878645e+00) (+8.418029e-02,-2.163096e-01) (+8.418029e-02,-2.163096e-01) (+6.454743e+00,-1.878645e+00)
+3.630781e+07 (+6.439832e+00,-1.796922e+00) (+9.064495e-02,-2.061446e-01) (+9.064495e-02,-2.061446e-01) (+6.439832e+00,-1.796922e+00)
+3.801894e+07 (+6.426126e+00,-1.718525e+00) (+9.653233e-02,-1.964967e-01) (+9.653233e-02,-1.964967e-01) (+6.426126e+00,-1.718525e+00)
+3.981072e+07 (+6.413536e+00,-1.643345e+00) (+1.018942e-01,-1.873338e-01) (+1.018942e-01,-1.873338e-01) (+6.413536e+00,-1.643345e+00)
+4.168694e+07 (+6.401977e+00,-1.571272e+00) (+1.067778e-01,-1.786265e-01) (+1.067778e-01,-1.786265e-01) (+6.401977e+00,-1.571272e+00)
+4.365158e+07 (+6.391372e+00,-1.502197e+00) (+1.112261e-01,-1.703479e-01) (+1.112261e-01,-1.703479e-01) (+6.391372e+00,-1.502197e+00)
+4.570882e+07 (+6.381644e+00,-1.436015e+00) (+1.152780e-01,-1.624734e-01) (+1.152780e-01,-1.624734e-01) (+6.381644e+00,-1.436015e+00)
+4.786301e+07 (+6.372727e+00,-1.372619e+00) (+1.189693e-01,-1.549801e-01) (+1.189693e-01,-1.549801e-01) (+6.372727e+00,-1.372619e+00)
+5.011872e+07 (+6.364556e+00,-1.311907e+00) (+1.223321e-01,-1.478470e-01) (+1.223321e-01,-1.478470e-01) (+6.364556e+00,-1.311907e+00)
+5.248075e+07 (+6.357071e+00,-1.253777e+00) (+1.253959e-01,-1.410545e-01) (+1.253959e-01,-1.410545e-01) (+6.357071e+00,-1.253777e+00)
+5.495409e+07 (+6.350217e+00,-1.198130e+00) (+1.281875e-01,-1.345843e-01) (+1.281875e-01,-1.345843e-01) (+6.350217e+00,-1.198130e+00)
+5.754399e+07 (+6.343943e+00,-1.144871e+00) (+1.307312e-01,-1.284196e-01) (+1.307312e-01,-1.284196e-01) (+6.343943e+00,-1.144871e+00)
+6.025596e+07 (+6.338202e+00,-1.093904e+00) (+1.330492e-01,-1.225445e-01) (+1.330492e-01,-1.225445e-01) (+6.338202e+00,-1.093904e+00)
+6.309573e+07 (+6.332950e+00,-1.045138e+00) (+1.351616e-01,-1.169441e-01) (+1.351616e-01,-1.169441e-01) (+6.332950e+00,-1.045138e+00)
+6.606934e+07 (+6.328146e+00,-9.984850e-01) (+1.370868e-01,-1.116045e-01) (+1.370868e-01,-1.116045e-01) (+6.328146e+00,-9.984850e-01)
+6.918310e+07 (+6.323754e+00,-9.538587e-01) (+1.388415e-01,-1.065126e-01) (+1.388415e-01,-1.065126e-01) (+6.323754e+00,-9.538587e-01)
+7.244360e+07 (+6.319739e+00,-9.111758e-01) (+1.404407e-01,-1.016562e-01) (+1.404407e-01,-1.016562e-01) (+6.319739e+00,-9.111758e-01)
+7.585776e+07 (+6.316069e+00,-8.703558e-01) (+1.418985e-01,-9.702365e-02) (+1.418985e-01,-9.702365e-02) (+6.316069e+00,-8.703558e-01)
+7.943282e+07 (+6.312715e+00,-8.313207e-01) (+1.432272e-01,-9.260398e-02) (+1.432272e-01,-9.260398e-02) (+6.312715e+00,-8.313207e-01)
+8.317638e+07 (+6.309651e+00,-7.939955e-01) (+1.444385e-01,-8.838688e-02) (+1.444385e-01,-8.838688e-02) (+6.309651e+00,-7.939955e-01)
+8.709636e+07 (+6.306851e+00,-7.583077e-01) (+1.455428e-01,-8.436257e-02) (+1.455428e-01,-8.436257e-02) (+6.306851e+00,-7.583077e-01)
+9.120108e+07 (+6.304294e+00,-7.241876e-01) (+1.465494e-01,-8.052181e-02) (+1.465494e-01,-8.052181e-02) (+6.304294e+00,-7.241876e-01)
+9.549926e+07 (+6.301959e+00,-6.915679e-01) (+1.474671e-01,-7.685584e-02) (+1.474671e-01,-7.685584e-02) (+6.301959e+00,-6.915679e-01)
+1.000000e+08 (+6.299827e+00,-6.603839e-01) (+1.483038e-01,-7.335635e-02) (+1.483038e-01,-7.335635e-02) (+6.299827e+00,-6.603839e-01)
+1.047129e+08 (+6.297880e+00,-6.305735e-01) (+1.490667e-01,-7.001545e-02) (+1.490667e-01,-7.001545e-02) (+6.297880e+00,-6.305735e-01)
+1.096478e+08 (+6.296102e+00,-6.020769e-01) (+1.497622e-01,-6.682566e-02) (+1.497622e-01,-6.682566e-02) (+6.296102e+00,-6.020769e-01)
+1.148154e+08 (+6.294479e+00,-5.748366e-01) (+1.503963e-01,-6.377987e-02) (+1.503963e-01,-6.377987e-02) (+6.294479e+00,-5.748366e-01)
+1.202264e+08 (+6.292998e+00,-5.487976e-01) (+1.509745e-01,-6.087132e-02) (+1.509745e-01,-6.087132e-02) (+6.292998e+00,-5.487976e-01)
+1.258925e+08 (+6.291646e+00,-5.239068e-01) (+1.515017e-01,-5.809359e-02) (+1.515017e-01,-5.809359e-02) (+6.291646e+00,-5.239068e-01)
+1.318257e+08 (+6.290412e+00,-5.001135e-01) (+1.519825e-01,-5.544056e-02) (+1.519825e-01,-5.544056e-02) (+6.290412e+00,-5.001135e-01)
+1.380384e+08 (+6.289286e+00,-4.773691e-01) (+1.524208e-01,-5.290640e-02) (+1.524208e-01,-5.290640e-02) (+6.289286e+00,-4.773691e-01)
+1.445440e+08 (+6.288258e+00,-4.556267e-01) (+1.528205e-01,-5.048558e-02) (+1.528205e-01,-5.048558e-02) (+6.288258e+00,-4.556267e-01)
+1.513561e+08 (+6.287321e+00,-4.348416e-01) (+1.531850e-01,-4.817281e-02) (+1.531850e-01,-4.817281e-02) (+6.287321e+00,-4.348416e-01)
+1.584893e+08 (+6.286465e+00,-4.149709e-01) (+1.535173e-01,-4.596307e-02) (+1.535173e-01,-4.596307e-02) (+6.286465e+00,-4.149709e-01)
+1.659587e+08 (+6.285684e+00,-3.959735e-01) (+1.538204e-01,-4.385155e-02) (+1.538204e-01,-4.385155e-02) (+6.285684e+00,-3.959735e-01)
+1.737801e+08 (+6.284972e+00,-3.778100e-01) (+1.540967e-01,-4.183368e-02) (+1.540967e-01,-4.183368e-02) (+6.284972e+00,-3.778100e-01)
+1.819701e+08 (+6.284322e+00,-3.604426e-01) (+1.543487e-01,-3.990509e-02) (+1.543487e-01,-3.990509e-02) (+6.284322e+00,-3.604426e-01)
+1.905461e+08 (+6.283729e+00,-3.438351e-01) (+1.545785e-01,-3.806163e-02) (+1.545785e-01,-3.806163e-02) (+6.283729e+00,-3.438351e-01)
+1.995262e+08 (+6.283188e+00,-3.279529e-01) (+1.547881e-01,-3.629933e-02) (+1.547881e-01,-3.629933e-02) (+6.283188e+00,-3.279529e-01)
+2.089296e+08 (+6.282695e+00,-3.127628e-01) (+1.549792e-01,-3.461438e-02) (+1.549792e-01,-3.461438e-02) (+6.282695e+00,-3.127628e-01)
+2.187762e+08 (+6.282244e+00,-2.982332e-01) (+1.551534e-01,-3.300317e-02) (+1.551534e-01,-3.300317e-02) (+6.282244e+00,-2.982332e-01)
+2.290868e+08 (+6.281834e+00,-2.843334e-01) (+1.553124e-01,-3.146224e-02) (+1.553124e-01,-3.146224e-02) (+6.281834e+00,-2.843334e-01)
+2.398833e+08 (+6.281459e+00,-2.710345e-01) (+1.554573e-01,-2.998828e-02) (+1.554573e-01,-2.998828e-02) (+6.281459e+00,-2.710345e-01)
+2.511886e+08 (+6.281118e+00,-2.583084e-01) (+1.555894e-01,-2.857814e-02) (+1.555894e-01,-2.857814e-02) (+6.281118e+00,-2.583084e-01)
+2.630268e+08 (+6.280806e+00,-2.461285e-01) (+1.557099e-01,-2.722880e-02) (+1.557099e-01,-2.722880e-02) (+6.280806e+00,-2.461285e-01)
+2.754229e+08 (+6.280522e+00,-2.344692e-01) (+1.558198e-01,-2.593738e-02) (+1.558198e-01,-2.593738e-02) (+6.280522e+00,-2.344692e-01)
+2.884032e+08 (+6.280263e+00,-2.233058e-01) (+1.559199e-01,-2.470110e-02) (+1.559199e-01,-2.470110e-02) (+6.280263e+00,-2.233058e-01)
+3.019952e+08 (+6.280026e+00,-2.126150e-01) (+1.560113e-01,-2.351735e-02) (+1.560113e-01,-2.351735e-02) (+6.280026e+00,-2.126150e-01)
+3.162278e+08 (+6.279811e+00,-2.023741e-01) (+1.560946e-01,-2.238358e-02) (+1.560946e-01,-2.238358e-02) (+6.279811e+00,-2.023741e-01)
+3.311311e+08 (+6.279614e+00,-1.925616e-01) (+1.561705e-01,-2.129737e-02) (+1.561705e-01,-2.129737e-02) (+6.279614e+00,-1.925616e-01)
+3.467369e+08 (+6.279435e+00,-1.831568e-01) (+1.562398e-01,-2.025643e-02) (+1.562398e-01,-2.025643e-02) (+6.279435e+00,-1.831568e-01)
+3.630781e+08 (+6.279272e+00,-1.741398e-01) (+1.563029e-01,-1.925851e-02) (+1.563029e-01,-1.925851e-02) (+6.279272e+00,-1.741398e-01)
+3.801894e+08 (+6.279123e+00,-1.654916e-01) (+1.563604e-01,-1.830151e-02) (+1.563604e-01,-1.830151e-02) (+6.279123e+00,-1.654916e-01)
+3.981072e+08 (+6.278987e+00,-1.571940e-01) (+1.564129e-01,-1.738338e-02) (+1.564129e-01,-1.738338e-02) (+6.278987e+00,-1.571940e-01)
+4.168694e+08 (+6.278863e+00,-1.492293e-01) (+1.564607e-01,-1.650217e-02) (+1.564607e-01,-1.650217e-02) (+6.278863e+00,-1.492293e-01)
+4.365158e+08 (+6.278750e+00,-1.415807e-01) (+1.565043e-01,-1.565600e-02) (+1.565043e-01,-1.565600e-02) (+6.278750e+00,-1.415807e-01)
+4.570882e+08 (+6.278647e+00,-1.342322e-01) (+1.565439e-01,-1.484307e-02) (+1.565439e-01,-1.484307e-02) (+6.278647e+00,-1.342322e-01)
+4.786301e+08 (+6.278554e+00,-1.271681e-01) (+1.565801e-01,-1.406166e-02) (+1.565801e-01,-1.406166e-02) (+6.278554e+00,-1.271681e-01)
+5.011872e+08 (+6.278468e+00,-1.203734e-01) (+1.566130e-01,-1.331010e-02) (+1.566130e-01,-1.331010e-02) (+6.278468e+00,-1.203734e-01)
+5.248075e+08 (+6.278391e+00,-1.138339e-01) (+1.566430e-01,-1.258679e-02) (+1.566430e-01,-1.258679e-02) (+6.278391e+00,-1.138339e-01)
+5.495409e+08 (+6.278320e+00,-1.075356e-01) (+1.566703e-01,-1.189020e-02) (+1.566703e-01,-1.189020e-02) (+6.278320e+00,-1.075356e-01)
+5.754399e+08 (+6.278255e+00,-1.014653e-01) (+1.566952e-01,-1.121885e-02) (+1.566952e-01,-1.121885e-02) (+6.278255e+00,-1.014653e-01)
+6.025596e+08 (+6.278197e+00,-9.561004e-02) (+1.567178e-01,-1.057131e-02) (+1.567178e-01,-1.057131e-02) (+6.278197e+00,-9.561004e-02)
+6.309573e+08 (+6.278144e+00,-8.995746e-02) (+1.567383e-01,-9.946213e-03) (+1.567383e-01,-9.946213e-03) (+6.278144e+00,-8.995746e-02)
+6.606934e+08 (+6.278095e+00,-8.449557e-02) (+1.567570e-01,-9.342220e-03) (+1.567570e-01,-9.342220e-03) (+6.278095e+00,-8.449557e-02)
+6.918310e+08 (+6.278051e+00,-7.921282e-02) (+1.567739e-01,-8.758052e-03) (+1.567739e-01,-8.758052e-03) (+6.278051e+00,-7.921282e-02)
+7.244360e+08 (+6.278012e+00,-7.409800e-02) (+1.567892e-01,-8.192470e-03) (+1.567892e-01,-8.192470e-03) (+6.278012e+00,-7.409800e-02)
+7.585776e+08 (+6.277976e+00,-6.914028e-02) (+1.568031e-01,-7.644274e-03) (+1.568031e-01,-7.644274e-03) (+6.277976e+00,-6.914028e-02)
+7.943282e+08 (+6.277943e+00,-6.432916e-02) (+1.568157e-01,-7.112298e-03) (+1.568157e-01,-7.112298e-03) (+6.277943e+00,-6.432916e-02)
+8.317638e+08 (+6.277914e+00,-5.965442e-02) (+1.568271e-01,-6.595413e-03) (+1.568271e-01,-6.595413e-03) (+6.277914e+00,-5.965442e-02)
+8.709636e+08 (+6.277887e+00,-5.510618e-02) (+1.568373e-01,-6.092524e-03) (+1.568373e-01,-6.092524e-03) (+6.277887e+00,-5.510618e-02)
+9.120108e+08 (+6.277863e+00,-5.067478e-02) (+1.568465e-01,-5.602561e-03) (+1.568465e-01,-5.602561e-03) (+6.277863e+00,-5.067478e-02)
+9.549926e+08 (+6.277842e+00,-4.635084e-02) (+1.568547e-01,-5.124487e-03) (+1.568547e-01,-5.124487e-03) (+6.277842e+00,-4.635084e-02)
+1.000000e+09 (+6.277823e+00,-4.212518e-02) (+1.568620e-01,-4.657285e-03) (+1.568620e-01,-4.657285e-03) (+6.277823e+00,-4.212518e-02)
+1.047129e+09 (+6.277806e+00,-3.798885e-02) (+1.568685e-01,-4.199964e-03) (+1.568685e-01,-4.199964e-03) (+6.277806e+00,-3.798885e-02)
+1.096478e+09 (+6.277792e+00,-3.393307e-02) (+1.568742e-01,-3.751555e-03) (+1.568742e-01,-3.751555e-03) (+6.277792e+00,-3.393307e-02)
+1.148154e+09 (+6.277779e+00,-2.994925e-02) (+1.568792e-01,-3.311105e-03) (+1.568792e-01,-3.311105e-03) (+6.277779e+00,-2.994925e-02)
+1.202264e+09 (+6.277768e+00,-2.602894e-02) (+1.568835e-01,-2.877680e-03) (+1.568835e-01,-2.877680e-03) (+6.277768e+00,-2.602894e-02)
+1.258925e+09 (+6.277758e+00,-2.216383e-02) (+1.568871e-01,-2.450360e-03) (+1.568871e-01,-2.450360e-03) (+6.277758e+00,-2.216383e-02)
+1.318257e+09 (+6.277750e+00,-1.834572e-02) (+1.568901e-01,-2.028239e-03) (+1.568901e-01,-2.028239e-03) (+6.277750e+00,-1.834572e-02)
+1.380384e+09 (+6.277744e+00,-1.456652e-02) (+1.568926e-01,-1.610421e-03) (+1.568926e-01,-1.610421e-03) (+6.277744e+00,-1.456652e-02)
+1.445440e+09 (+6.277739e+00,-1.081820e-02) (+1.568944e-01,-1.196020e-03) (+1.568944e-01,-1.196020e-03) (+6.277739e+00,-1.081820e-02)
+1.513561e+09 (+6.277736e+00,-7.092829e-03) (+1.568957e-01,-7.841559e-04) (+1.568957e-01,-7.841559e-04) (+6.277736e+00,-7.092829e-03)
+1.584893e+09 (+6.277734e+00,-3.382497e-03) (+1.568965e-01,-3.739557e-04) (+1.568965e-01,-3.739557e-04) (+6.277734e+00,-3.382497e-03)
+1.659587e+09 (+6.277733e+00,+3.206618e-04) (+1.568967e-01,+3.545112e-05) (+1.568967e-01,+3.545112e-05) (+6.277733e+00,+3.206618e-04)
+1.737801e+09 (+6.277734e+00,+4.024501e-03) (+1.568964e-01,+4.449332e-04) (+1.568964e-01,+4.449332e-04) (+6.277734e+00,+4.024501e-03)
+1.819701e+09 (+6.277736e+00,+7.736874e-03) (+1.568955e-01,+8.553591e-04) (+1.568955e-01,+8.553591e-04) (+6.277736e+00,+7.736874e-03)
+1.905461e+09 (+6.277740e+00,+1.146565e-02) (+1.568941e-01,+1.267600e-03) (+1.568941e-01,+1.267600e-03) (+6.277740e+00,+1.146565e-02)
+1.995262e+09 (+6.277745e+00,+1.521875e-02) (+1.568922e-01,+1.682530e-03) (+1.568922e-01,+1.682530e-03) (+6.277745e+00,+1.521875e-02)
+2.089296e+09 (+6.277751e+00,+1.900412e-02) (+1.568897e-01,+2.101029e-03) (+1.568897e-01,+2.101029e-03) (+6.277751e+00,+1.900412e-02)
+2.187762e+09 (+6.277760e+00,+2.282979e-02) (+1.568865e-01,+2.523987e-03) (+1.568865e-01,+2.523987e-03) (+6.277760e+00,+2.282979e-02)
+2.290868e+09 (+6.277769e+00,+2.670387e-02) (+1.568828e-01,+2.952299e-03) (+1.568828e-01,+2.952299e-03) (+6.277769e+00,+2.670387e-02)
+2.398833e+09 (+6.277781e+00,+3.063458e-02) (+1.568784e-01,+3.386874e-03) (+1.568784e-01,+3.386874e-03) (+6.277781e+00,+3.063458e-02)
+2.511886e+09 (+6.277794e+00,+3.463026e-02) (+1.568732e-01,+3.828636e-03) (+1.568732e-01,+3.828636e-03) (+6.277794e+00,+3.463026e-02)
+2.630268e+09 (+6.277809e+00,+3.869937e-02) (+1.568674e-01,+4.278520e-03) (+1.568674e-01,+4.278520e-03) (+6.277809e+00,+3.869937e-02)
+2.754229e+09 (+6.277826e+00,+4.285054e-02) (+1.568608e-01,+4.737483e-03) (+1.568608e-01,+4.737483e-03) (+6.277826e+00,+4.285054e-02)
+2.884032e+09 (+6.277846e+00,+4.709258e-02) (+1.568533e-01,+5.206496e-03) (+1.568533e-01,+5.206496e-03) (+6.277846e+00,+4.709258e-02)
+3.019952e+09 (+6.277867e+00,+5.143448e-02) (+1.568449e-01,+5.686557e-03) (+1.568449e-01,+5.686557e-03) (+6.277867e+00,+5.143448e-02)
+3.162278e+09 (+6.277892e+00,+5.588544e-02) (+1.568356e-01,+6.178684e-03) (+1.568356e-01,+6.178684e-03) (+6.277892e+00,+5.588544e-02)
+3.311311e+09 (+6.277919e+00,+6.045489e-02) (+1.568252e-01,+6.683920e-03) (+1.568252e-01,+6.683920e-03) (+6.277919e+00,+6.045489e-02)
+3.467369e+09 (+6.277949e+00,+6.515253e-02) (+1.568136e-01,+7.203339e-03) (+1.568136e-01,+7.203339e-03) (+6.277949e+00,+6.515253e-02)
+3.630781e+09 (+6.277982e+00,+6.998831e-02) (+1.568008e-01,+7.738043e-03) (+1.568008e-01,+7.738043e-03) (+6.277982e+00,+6.998831e-02)
+3.801894e+09 (+6.278018e+00,+7.497249e-02) (+1.567867e-01,+8.289168e-03) (+1.567867e-01,+8.289168e-03) (+6.278018e+00,+7.497249e-02)
+3.981072e+09 (+6.278059e+00,+8.011561e-02) (+1.567711e-01,+8.857882e-03) (+1.567711e-01,+8.857882e-03) (+6.278059e+00,+8.011561e-02)
+4.168694e+09 (+6.278103e+00,+8.542858e-02) (+1.567539e-01,+9.445394e-03) (+1.567539e-01,+9.445394e-03) (+6.278103e+00,+8.542858e-02)
+4.365158e+09 (+6.278153e+00,+9.092266e-02) (+1.567349e-01,+1.005295e-02) (+1.567349e-01,+1.005295e-02) (+6.278153e+00,+9.092266e-02)
+4.570882e+09 (+6.278207e+00,+9.660949e-02) (+1.567140e-01,+1.068184e-02) (+1.567140e-01,+1.068184e-02) (+6.278207e+00,+9.660949e-02)
+4.786301e+09 (+6.278266e+00,+1.025011e-01) (+1.566910e-01,+1.133341e-02) (+1.566910e-01,+1.133341e-02) (+6.278266e+00,+1.025011e-01)
+5.011872e+09 (+6.278332e+00,+1.086100e-01) (+1.566658e-01,+1.200902e-02) (+1.566658e-01,+1.200902e-02) (+6.278332e+00,+1.086100e-01)
+5.248075e+09 (+6.278404e+00,+1.149491e-01) (+1.566380e-01,+1.271013e-02) (+1.566380e-01,+1.271013e-02) (+6.278404e+00,+1.149491e-01)
+5.495409e+09 (+6.278482e+00,+1.215318e-01) (+1.566076e-01,+1.343822e-02) (+1.566076e-01,+1.343822e-02) (+6.278482e+00,+1.215318e-01)
+5.754399e+09 (+6.278569e+00,+1.283721e-01) (+1.565741e-01,+1.419484e-02) (+1.565741e-01,+1.419484e-02) (+6.278569e+00,+1.283721e-01)
+6.025596e+09 (+6.278664e+00,+1.354844e-01) (+1.565373e-01,+1.498159e-02) (+1.565373e-01,+1.498159e-02) (+6.278664e+00,+1.354844e-01)
+6.309573e+09 (+6.278769e+00,+1.428838e-01) (+1.564970e-01,+1.580015e-02) (+1.564970e-01,+1.580015e-02) (+6.278769e+00,+1.428838e-01)
+6.606934e+09 (+6.278884e+00,+1.505859e-01) (+1.564527e-01,+1.665226e-02) (+1.564527e-01,+1.665226e-02) (+6.278884e+00,+1.505859e-01)
+6.918310e+09 (+6.279009e+00,+1.586070e-01) (+1.564041e-01,+1.753973e-02) (+1.564041e-01,+1.753973e-02) (+6.279009e+00,+1.586070e-01)
+7.244360e+09 (+6.279147e+00,+1.669641e-01) (+1.563508e-01,+1.846445e-02) (+1.563508e-01,+1.846445e-02) (+6.279147e+00,+1.669641e-01)
+7.585776e+09 (+6.279299e+00,+1.756749e-01) (+1.562924e-01,+1.942839e-02) (+1.562924e-01,+1.942839e-02) (+6.279299e+00,+1.756749e-01)
+7.943282e+09 (+6.279465e+00,+1.847577e-01) (+1.562282e-01,+2.043361e-02) (+1.562282e-01,+2.043361e-02) (+6.279465e+00,+1.847577e-01)
+8.317638e+09 (+6.279647e+00,+1.942317e-01) (+1.561579e-01,+2.148223e-02) (+1.561579e-01,+2.148223e-02) (+6.279647e+00,+1.942317e-01)
+8.709636e+09 (+6.279847e+00,+2.041169e-01) (+1.560807e-01,+2.257650e-02) (+1.560807e-01,+2.257650e-02) (+6.279847e+00,+2.041169e-01)
+9.120108e+09 (+6.280066e+00,+2.144341e-01) (+1.559961e-01,+2.371876e-02) (+1.559961e-01,+2.371876e-02) (+6.280066e+00,+2.144341e-01)
+9.549926e+09 (+6.280306e+00,+2.252052e-01) (+1.559032e-01,+2.491143e-02) (+1.559032e-01,+2.491143e-02) (+6.280306e+00,+2.252052e-01)
